1.5
1.9
1.18
1.20
1.25
2.0
3.3
4.0
4.10
5.5
5.9
6.3
6.6
6.26
7.4
7.6
8.0
9.3
9.7
9.8
9.14
10.10
10.11
10.14
10.16
11.4
14.0
14.1
14.9
16.9
16.11
17.4
17.20
17.21
17.22
17.24
17.27
17.29
17.37
17.41
17.56
18.0
18.1
18.2
18.3
18.5
18.7
18.8
18.9
18.10
19.0
19.1
19.5
19.6
19.7
19.9
19.16
19.21
19.22
19.23
19.25
19.26
20.6
21.1
22.0
22.1
22.2
22.3
23.0
23.1
23.2
24.0
25.5
27.0
27.4
28.2
28.5
29.0
30.6
30.8
30.9
31.0
31.8
32.4
32.5
34.13
34.16
34.20
34.22
36.0
36.1
39.0
40.7
40.9
40.15
40.16
41.1
42.2
